 EXP,2024,003,
RUN,139,
PRESQ,
TIME,27,5,2024,16,10,1,
DESC,RUN 139 Calibration with speed 0_25 ms no model 2nd test,
CORR1,
101,EXC,0,0,0,0,0,0,0,0,
101,000,0,0,0,0,0,0,0,0,
102,EXC,0,0,0,0,0,0,0,0,
102,000,0,0,0,0,0,0,0,0,
103,EXC,10.010101,9.997777,9.999858,10.005001,10,999552,9.998789,10.003003,10.004895,
103,001,-0.229101,-0.155568,-0.144635,0.011332,-0.004302,-0.072659,0,0,
103,002,-0.229101,-0.155568,-0.144635,0.011332,-0.004302,-0.072659,0,0,
103,003,-0.229101,-0.155568,-0.144635,0.011332,-0.004302,-0.072659,0,0,
103,004,-0.229101,-0.155568,-0.144635,0.011332,-0.004302,-0.072659,0,0,
103,005,-0.229101,-0.155568,-0.144635,0.011332,-0.004302,-0.072659,0,0,
103,006,-0.229101,-0.155568,-0.144635,0.011332,-0.004302,-0.072659,0,0,
103,007,-0.229101,-0.155568,-0.144635,0.011332,-0.004302,-0.072659,0,0,
103,008,-0.229101,-0.155568,-0.144635,0.011332,-0.004302,-0.072659,0,0,
103,009,-0.229101,-0.155568,-0.144635,0.011332,-0.004302,-0.072659,0,0,
103,010,-0.229101,-0.155568,-0.144635,0.011332,-0.004302,-0.072659,0,0,
104,000,0,0,0,0,0,0,0,0,
105,000,0,0,0,0,0,0,0,0,
SEQ,01,
 DSN,001,
101,EXC,0,0,0,0,0,0,0,0,
101,000,0,0,0,0,0,0,0,0,
102,EXC,0,0,0,0,0,0,0,0,
102,000,0,0,0,0,0,0,0,0,
103,EXC,10.010101,9.997777,9.999858,10.005001,10,999552,9.998789,10.003003,10.004895,
103,001,-0.2291,-0.155567,-0.144635,0.011331,-0.004301,-0.072666,0,0,
103,002,-0.2291,-0.155567,-0.144635,0.011331,-0.004301,-0.072666,0,0,
103,003,-0.2291,-0.155567,-0.144635,0.011331,-0.004301,-0.072666,0,0,
103,004,-0.2291,-0.155567,-0.144635,0.011331,-0.004301,-0.072666,0,0,
103,005,-0.2291,-0.155567,-0.144635,0.011331,-0.004301,-0.072666,0,0,
103,006,-0.2291,-0.155567,-0.144635,0.011331,-0.004301,-0.072666,0,0,
103,007,-0.2291,-0.155567,-0.144635,0.011331,-0.004301,-0.072666,0,0,
103,008,-0.2291,-0.155567,-0.144635,0.011331,-0.004301,-0.072666,0,0,
103,009,-0.2291,-0.155567,-0.144635,0.011331,-0.004301,-0.072666,0,0,
103,010,-0.2291,-0.155567,-0.144635,0.011331,-0.004301,-0.072666,0,0,
103,011,-0.2291,-0.155567,-0.144635,0.011331,-0.004301,-0.072666,0,0,
104,000,0,0,0,0,0,0,0,0,
105,000,0,0,0,0,0,0,0,0,
 DSN,002,
101,EXC,0,0,0,0,0,0,0,0,
101,000,0,0,0,0,0,0,0,0,
102,EXC,0,0,0,0,0,0,0,0,
102,000,0,0,0,0,0,0,0,0,
103,EXC,10.010101,9.997777,9.999858,10.005001,10,999552,9.998789,10.003003,10.004895,
103,001,-0.22831,-0.15518,-0.144319,0.011369,-0.004273,-0.072512,0,0,
103,002,-0.22831,-0.15518,-0.144319,0.011369,-0.004273,-0.072512,0,0,
103,003,-0.22831,-0.15518,-0.144319,0.011369,-0.004273,-0.072512,0,0,
103,004,-0.22831,-0.15518,-0.144319,0.011369,-0.004273,-0.072512,0,0,
103,005,-0.22831,-0.15518,-0.144319,0.011369,-0.004273,-0.072512,0,0,
103,006,-0.22831,-0.15518,-0.144319,0.011369,-0.004273,-0.072512,0,0,
103,007,-0.22831,-0.15518,-0.144319,0.011369,-0.004273,-0.072512,0,0,
103,008,-0.22831,-0.15518,-0.144319,0.011369,-0.004273,-0.072512,0,0,
103,009,-0.22831,-0.15518,-0.144319,0.011369,-0.004273,-0.072512,0,0,
103,010,-0.22831,-0.15518,-0.144319,0.011369,-0.004273,-0.072512,0,0,
103,011,-0.22831,-0.15518,-0.144319,0.011369,-0.004273,-0.072512,0,0,
104,000,0,0,0,0,0,0,0,0,
105,000,0,0,0,0,0,0,0,0,
 DSN,003,
101,EXC,0,0,0,0,0,0,0,0,
101,000,0,0,0,0,0,0,0,0,
102,EXC,0,0,0,0,0,0,0,0,
102,000,0,0,0,0,0,0,0,0,
103,EXC,10.010101,9.997777,9.999858,10.005001,10,999552,9.998789,10.003003,10.004895,
103,001,-0.226455,-0.154135,-0.143306,0.011544,-0.004238,-0.072234,0,0,
103,002,-0.226455,-0.154135,-0.143306,0.011544,-0.004238,-0.072234,0,0,
103,003,-0.226455,-0.154135,-0.143306,0.011544,-0.004238,-0.072234,0,0,
103,004,-0.226455,-0.154135,-0.143306,0.011544,-0.004238,-0.072234,0,0,
103,005,-0.226455,-0.154135,-0.143306,0.011544,-0.004238,-0.072234,0,0,
103,006,-0.226455,-0.154135,-0.143306,0.011544,-0.004238,-0.072234,0,0,
103,007,-0.226455,-0.154135,-0.143306,0.011544,-0.004238,-0.072234,0,0,
103,008,-0.226455,-0.154135,-0.143306,0.011544,-0.004238,-0.072234,0,0,
103,009,-0.226455,-0.154135,-0.143306,0.011544,-0.004238,-0.072234,0,0,
103,010,-0.226455,-0.154135,-0.143306,0.011544,-0.004238,-0.072234,0,0,
103,011,-0.226455,-0.154135,-0.143306,0.011544,-0.004238,-0.072234,0,0,
104,000,0,0,0,0,0,0,0,0,
105,000,0,0,0,0,0,0,0,0,
 DSN,004,
101,EXC,0,0,0,0,0,0,0,0,
101,000,0,0,0,0,0,0,0,0,
102,EXC,0,0,0,0,0,0,0,0,
102,000,0,0,0,0,0,0,0,0,
103,EXC,10.010101,9.997777,9.999858,10.005001,10,999552,9.998789,10.003003,10.004895,
103,001,-0.223823,-0.152777,-0.141982,0.011754,-0.004211,-0.073234,0,0,
103,002,-0.223823,-0.152777,-0.141982,0.011754,-0.004211,-0.073234,0,0,
103,003,-0.223823,-0.152777,-0.141982,0.011754,-0.004211,-0.073234,0,0,
103,004,-0.223823,-0.152777,-0.141982,0.011754,-0.004211,-0.073234,0,0,
103,005,-0.223823,-0.152777,-0.141982,0.011754,-0.004211,-0.073234,0,0,
103,006,-0.223823,-0.152777,-0.141982,0.011754,-0.004211,-0.073234,0,0,
103,007,-0.223823,-0.152777,-0.141982,0.011754,-0.004211,-0.073234,0,0,
103,008,-0.223823,-0.152777,-0.141982,0.011754,-0.004211,-0.073234,0,0,
103,009,-0.223823,-0.152777,-0.141982,0.011754,-0.004211,-0.073234,0,0,
103,010,-0.223823,-0.152777,-0.141982,0.011754,-0.004211,-0.073234,0,0,
103,011,-0.223823,-0.152777,-0.141982,0.011754,-0.004211,-0.073234,0,0,
104,000,0,0,0,0,0,0,0,0,
105,000,0,0,0,0,0,0,0,0,
DSN,005,
	101,EXC,0,0,0,0,0,0,0,0,
	101,000,0,0,0,0,0,0,0,0,
	102,EXC,0,0,0,0,0,0,0,0,
	102,000,0,0,0,0,0,0,0,0,
	103,EXC,10.010101,9.997777,9.999858,10.005001,10,999552,9.998789,10.003003,10.004895,
	103,001,-0.21972,-0.150498,-0.139761,0.012111,-0.004152,-0.070639,0,0,
	103,002,-0.21972,-0.150498,-0.139761,0.012111,-0.004152,-0.070639,0,0,
	103,003,-0.21972,-0.150498,-0.139761,0.012111,-0.004152,-0.070639,0,0,
	103,004,-0.21972,-0.150498,-0.139761,0.012111,-0.004152,-0.070639,0,0,
	103,005,-0.21972,-0.150498,-0.139761,0.012111,-0.004152,-0.070639,0,0,
	103,006,-0.21972,-0.150498,-0.139761,0.012111,-0.004152,-0.070639,0,0,
	103,007,-0.21972,-0.150498,-0.139761,0.012111,-0.004152,-0.070639,0,0,
	103,008,-0.21972,-0.150498,-0.139761,0.012111,-0.004152,-0.070639,0,0,
	103,009,-0.21972,-0.150498,-0.139761,0.012111,-0.004152,-0.070639,0,0,
	103,010,-0.21972,-0.150498,-0.139761,0.012111,-0.004152,-0.070639,0,0,
	103,011,-0.21972,-0.150498,-0.139761,0.012111,-0.004152,-0.070639,0,0,
	104,000,0,0,0,0,0,0,0,0,
	105,000,0,0,0,0,0,0,0,0,
 DSN,006,
101,EXC,0,0,0,0,0,0,0,0,
101,000,0,0,0,0,0,0,0,0,
102,EXC,0,0,0,0,0,0,0,0,
102,000,0,0,0,0,0,0,0,0,
103,EXC,10.010101,9.997777,9.999858,10.005001,10,999552,9.998789,10.003003,10.004895,
103,001,-0.214917,-0.147666,-0.137007,0.012574,-0.004074,-0.070832,0,0,
103,002,-0.214917,-0.147666,-0.137007,0.012574,-0.004074,-0.070832,0,0,
103,003,-0.214917,-0.147666,-0.137007,0.012574,-0.004074,-0.070832,0,0,
103,004,-0.214917,-0.147666,-0.137007,0.012574,-0.004074,-0.070832,0,0,
103,005,-0.214917,-0.147666,-0.137007,0.012574,-0.004074,-0.070832,0,0,
103,006,-0.214917,-0.147666,-0.137007,0.012574,-0.004074,-0.070832,0,0,
103,007,-0.214917,-0.147666,-0.137007,0.012574,-0.004074,-0.070832,0,0,
103,008,-0.214917,-0.147666,-0.137007,0.012574,-0.004074,-0.070832,0,0,
103,009,-0.214917,-0.147666,-0.137007,0.012574,-0.004074,-0.070832,0,0,
103,010,-0.214917,-0.147666,-0.137007,0.012574,-0.004074,-0.070832,0,0,
103,011,-0.214917,-0.147666,-0.137007,0.012574,-0.004074,-0.070832,0,0,
104,000,0,0,0,0,0,0,0,0,
105,000,0,0,0,0,0,0,0,0,
ENDSEQ,
CORR2,
	101,EXC,0,0,0,0,0,0,0,0,
	101,000,0,0,0,0,0,0,0,0,
	102,EXC,0,0,0,0,0,0,0,0,
	102,000,0,0,0,0,0,0,0,0,
	103,EXC,10.010101,9.997777,9.999858,10.005001,10,999552,9.998789,10.003003,10.004895,
	103,001,-0.228676,-0.155368,-0.14448,0.011366,-0.004273,-0.072661,0,0,
	103,002,-0.228676,-0.155368,-0.14448,0.011366,-0.004273,-0.072661,0,0,
	103,003,-0.228676,-0.155368,-0.14448,0.011366,-0.004273,-0.072661,0,0,
	103,004,-0.228676,-0.155368,-0.14448,0.011366,-0.004273,-0.072661,0,0,
	103,005,-0.228676,-0.155368,-0.14448,0.011366,-0.004273,-0.072661,0,0,
	103,006,-0.228676,-0.155368,-0.14448,0.011366,-0.004273,-0.072661,0,0,
	103,007,-0.228676,-0.155368,-0.14448,0.011366,-0.004273,-0.072661,0,0,
	103,008,-0.228676,-0.155368,-0.14448,0.011366,-0.004273,-0.072661,0,0,
	103,009,-0.228676,-0.155368,-0.14448,0.011366,-0.004273,-0.072661,0,0,
	103,010,-0.228676,-0.155368,-0.14448,0.011366,-0.004273,-0.072661,0,0,
	103,011,-0.228676,-0.155368,-0.14448,0.011366,-0.004273,-0.072661,0,0,
	104,000,0,0,0,0,0,0,0,0,
	105,000,0,0,0,0,0,0,0,0,
ENDRUN
